opt_rev:5.9921487878538695
spa_rev:5.992148787853874
rev_nnet:5.992
