opt_rev:3.105776916641282
spa_rev:3.105776916641285
rev_nnet:3.205
