opt_rev:0.6742458021665728
spa_rev:0.6696627808597022
rev_nnet:0.417
