opt_rev:0.5311077470887696
spa_rev:0.5004571154101654
rev_nnet:0.531
